0 116
0 21
0 585
1 514
1 504
1 505
2 3
2 297
2 300
3 174
3 304
3 2
4 303
4 300
4 95
5 246
5 302
5 6
5 197
6 5
6 211
6 576
7 228
7 320
7 514
8 200
8 119
8 9
9 252
9 594
9 10
9 8
10 132
10 11
10 9
11 177
11 254
11 10
11 24
12 65
12 57
12 165
13 290
13 50
13 362
13 291
14 52
14 286
14 516
14 522
15 314
15 139
15 181
15 283
16 484
16 490
16 485
16 486
16 579
17 600
17 499
17 498
17 501
18 288
18 555
18 359
19 93
19 129
19 20
20 593
20 19
20 21
21 580
21 0
21 20
22 589
22 47
22 583
22 46
22 581
23 237
23 171
23 195
24 11
24 262
24 198
25 172
25 258
25 212
26 268
26 28
26 79
27 321
27 276
27 87
27 471
28 592
28 309
28 26
29 312
29 89
29 33
30 140
30 312
30 313
31 316
31 91
31 55
31 318
32 89
32 147
32 179
33 29
33 169
33 314
34 160
34 61
34 215
35 538
35 60
35 59
36 37
36 209
36 183
37 36
37 40
37 39
37 117
38 156
38 61
38 40
39 37
39 291
39 183
40 186
40 38
40 37
41 516
41 353
42 598
42 494
42 570
42 496
43 98
43 103
43 347
43 138
44 45
44 480
44 176
45 44
45 48
45 199
45 163
46 319
46 22
46 581
47 22
47 584
47 535
48 190
48 45
48 335
49 69
49 83
49 288
50 523
50 13
50 295
50 292
51 292
51 518
52 14
52 515
52 271
52 520
53 337
53 67
53 150
54 141
54 123
54 83
55 56
55 58
55 31
56 66
56 55
56 77
57 74
57 12
57 78
58 88
58 55
58 310
59 62
59 217
59 35
60 35
60 224
60 92
61 34
61 38
61 217
62 67
62 59
62 192
63 69
63 208
63 159
64 185
64 72
64 120
65 66
65 88
65 12
66 74
66 56
66 65
67 62
67 338
67 53
67 118
68 341
68 84
68 343
69 49
69 63
69 84
70 84
70 342
70 85
71 141
71 120
71 342
72 173
72 73
72 64
73 216
73 75
73 74
73 72
74 57
74 66
74 73
75 73
75 77
75 185
76 152
76 77
76 318
77 56
77 75
77 76
78 122
78 216
78 57
79 276
79 306
79 26
80 345
80 81
80 82
81 208
81 80
81 159
82 117
82 345
82 80
82 118
83 85
83 54
83 49
84 70
84 85
84 68
84 69
85 83
85 84
85 70
86 188
86 235
86 120
87 376
87 310
87 27
88 58
88 65
88 376
89 29
89 32
89 351
90 91
90 351
90 350
91 90
91 167
91 150
91 31
92 215
92 60
92 179
93 300
93 19
93 94
94 95
94 93
94 129
95 177
95 94
95 4
95 320
96 494
96 97
96 223
97 242
97 96
97 103
98 100
98 43
98 99
98 220
99 104
99 101
99 98
100 247
100 98
100 101
101 99
101 102
101 100
102 372
102 533
102 101
103 108
103 43
103 97
104 106
104 99
104 105
105 104
106 107
106 108
106 104
107 106
108 103
108 106
108 109
109 108
110 250
110 139
110 352
110 238
111 330
111 324
111 327
111 328
112 113
112 331
112 323
113 112
113 326
113 333
114 115
114 325
114 332
115 114
115 329
115 322
116 0
116 535
116 157
117 82
117 364
117 37
118 186
118 208
118 82
118 67
119 237
119 8
120 71
120 86
120 341
120 64
121 262
121 266
121 255
121 219
122 279
122 78
122 123
123 534
123 54
123 122
123 346
124 534
124 126
125 278
125 126
126 279
126 124
126 125
127 128
127 137
128 127
128 138
129 94
129 19
129 132
130 131
130 593
130 133
131 132
131 130
131 191
132 10
132 131
132 129
133 130
134 481
135 137
135 499
136 349
137 135
137 127
138 349
138 43
138 128
139 15
139 110
139 142
140 591
140 30
140 313
141 54
141 71
141 173
142 181
142 238
142 139
143 184
144 261
144 230
144 219
145 177
145 198
145 232
146 250
146 497
146 182
147 32
147 283
147 170
148 249
148 533
148 242
149 305
149 273
150 53
150 91
150 192
151 189
151 162
151 218
152 76
152 205
152 185
153 158
153 373
153 213
154 193
154 225
154 532
155 592
155 377
155 590
156 38
156 285
156 160
156 244
157 116
157 245
157 536
157 535
158 153
158 369
158 213
159 340
159 63
159 81
160 284
160 34
160 156
161 206
161 597
161 241
162 563
162 151
162 203
163 227
163 45
164 220
165 277
165 270
165 12
166 228
166 232
166 259
167 229
167 317
167 91
168 231
168 335
169 180
169 234
169 33
170 207
170 147
170 243
171 23
171 298
171 233
172 25
172 257
172 509
173 141
173 72
173 216
174 3
175 261
175 198
175 260
176 189
176 190
176 44
177 11
177 95
177 145
178 577
179 207
179 92
179 32
180 169
180 597
180 241
181 283
181 142
181 15
181 522
182 146
183 36
183 39
183 517
184 247
184 143
184 477
185 64
185 152
185 75
186 118
186 40
186 217
187 347
187 227
188 86
188 339
188 336
189 176
189 151
189 584
190 48
190 222
190 176
191 131
192 150
192 538
192 62
193 154
193 563
193 585
194 297
195 200
195 23
195 536
196 575
196 239
196 239
197 203
197 5
197 240
198 145
198 175
198 24
199 227
199 247
199 45
200 8
200 195
200 237
201 258
201 211
201 297
202 252
203 197
203 162
203 530
204 220
205 152
205 317
205 336
206 377
206 313
206 161
207 215
207 170
207 179
208 63
208 118
208 235
208 81
209 36
210 257
211 201
211 575
211 6
212 256
212 25
212 487
213 214
213 153
213 158
214 213
215 92
215 207
215 34
216 78
216 73
216 173
217 59
217 61
217 186
218 578
218 151
218 479
219 260
219 121
219 144
220 164
220 204
220 98
221 228
221 334
221 323
221 513
222 190
222 231
222 583
223 573
223 96
223 249
224 60
225 154
226 269
227 199
227 163
227 187
228 166
228 7
228 221
229 167
230 259
230 144
230 280
231 582
231 168
231 222
232 166
232 320
232 145
233 305
233 171
234 482
234 169
234 241
235 86
235 208
235 343
235 338
236 250
237 119
237 23
237 200
238 357
238 142
238 110
239 256
239 196
239 196
240 197
241 180
241 161
241 234
242 533
242 97
242 148
243 170
244 156
245 298
245 564
245 157
245 273
246 5
247 184
247 100
247 199
248 321
249 148
249 223
249 371
250 110
250 146
250 236
251 252
252 9
252 202
252 251
252 253
253 254
253 252
254 11
254 253
254 263
255 274
255 121
255 263
256 239
256 212
256 332
256 488
257 172
257 258
257 210
257 506
258 201
258 25
258 257
258 325
259 166
259 230
259 261
259 331
260 219
260 328
260 261
260 175
261 175
261 144
261 260
261 259
262 263
262 328
262 121
262 24
263 330
263 262
263 255
263 254
264 268
264 486
264 508
265 269
265 281
265 266
266 274
266 121
266 270
266 265
267 322
267 485
267 595
268 329
268 264
268 26
268 507
269 265
269 326
269 324
269 226
270 324
270 275
270 266
270 165
271 518
271 519
271 286
271 52
272 273
273 272
273 245
273 149
274 266
274 255
274 275
275 270
275 327
275 277
275 274
276 27
276 79
276 375
277 165
277 275
277 278
278 125
278 279
278 277
279 122
279 126
279 278
279 346
280 334
280 230
280 281
281 265
281 280
281 282
281 511
282 333
282 281
282 510
282 476
283 147
283 181
283 284
283 15
284 160
284 285
284 283
285 284
285 156
285 521
286 14
286 271
286 517
286 521
287 296
287 358
287 340
288 18
288 556
288 49
289 291
290 13
291 39
291 289
291 292
291 13
292 51
292 291
292 294
292 50
293 296
293 548
293 540
294 292
295 50
296 287
296 293
296 363
297 2
297 302
297 194
297 201
298 245
298 171
298 305
299 304
300 4
300 93
300 2
301 302
302 297
302 5
302 301
303 304
303 505
303 4
304 303
304 3
304 299
305 149
305 233
305 298
306 309
306 308
306 79
307 314
308 315
308 306
308 375
309 28
309 306
309 315
310 58
310 87
310 375
311 312
312 30
312 29
312 311
313 206
313 140
313 30
314 15
314 33
314 307
315 316
315 308
315 309
316 31
316 350
316 315
317 205
317 167
317 318
318 76
318 31
318 317
319 46
319 588
320 232
320 7
320 95
321 248
321 27
321 376
322 267
322 329
322 115
323 331
323 221
323 112
324 269
324 270
324 111
325 258
325 332
325 114
326 333
326 269
326 113
327 275
327 111
328 262
328 260
328 111
329 322
329 268
329 115
330 263
330 111
331 259
331 323
331 112
332 325
332 256
332 114
333 282
333 326
333 113
334 280
334 221
334 512
335 168
335 48
336 188
336 205
336 337
337 339
337 53
337 336
338 67
338 235
338 339
339 188
339 337
339 338
340 159
340 287
340 359
341 342
341 68
341 120
342 341
342 71
342 70
343 68
343 235
343 344
344 343
345 82
345 80
345 365
346 123
346 279
346 534
347 43
347 187
347 348
347 349
348 347
348 348
348 348
349 138
349 136
349 347
350 316
350 591
350 90
351 90
351 538
351 89
352 481
352 110
352 500
353 357
353 41
354 356
355 356
356 354
356 355
356 357
357 353
357 238
357 356
358 552
358 287
358 359
359 18
359 340
359 358
360 438
361 493
361 438
361 495
362 544
362 539
362 13
363 543
363 540
363 296
364 117
364 544
364 365
364 541
365 543
365 542
365 364
365 345
366 428
367 428
368 592
369 158
369 374
369 373
370 371
370 489
370 571
371 575
371 372
371 370
371 249
372 102
372 576
372 371
373 153
373 369
373 577
374 530
374 369
374 578
375 310
375 308
375 276
376 87
376 88
376 321
377 155
377 206
377 591
378 379
379 477
379 380
379 378
380 480
380 381
380 379
381 380
382 383
383 480
383 384
383 382
384 479
384 385
384 383
385 384
386 387
387 386
387 478
387 388
388 479
388 389
388 387
389 388
390 391
391 390
391 477
391 392
392 478
392 393
392 391
393 392
394 404
394 515
394 396
395 402
395 516
395 401
396 520
396 394
397 519
397 398
398 405
398 518
398 397
399 406
399 517
399 400
400 407
400 521
400 399
401 403
401 522
401 395
402 395
403 401
404 394
405 398
406 399
407 400
408 500
409 441
409 500
409 411
410 501
411 418
411 599
411 409
412 498
413 499
414 499
415 495
415 416
415 421
416 497
416 440
416 415
417 497
417 442
417 418
418 601
418 411
418 417
419 496
420 494
421 438
421 415
421 439
422 493
422 438
422 437
422 492
423 569
424 484
424 483
424 434
424 490
425 492
426 493
426 492
426 484
427 430
427 483
427 429
428 367
428 429
428 366
429 432
429 428
429 427
430 524
430 427
430 431
431 430
432 429
433 524
434 482
434 436
434 424
435 482
436 434
437 422
438 361
438 360
438 422
438 421
439 421
440 416
441 409
442 417
443 481
444 454
444 471
444 446
445 455
445 471
445 448
446 453
446 507
446 444
447 452
447 506
447 450
448 456
448 510
448 445
449 457
449 513
449 451
450 503
450 447
450 469
451 503
451 449
451 459
452 447
453 446
454 444
455 445
456 448
457 449
458 469
459 502
459 451
459 462
460 504
460 461
460 469
461 505
461 460
461 470
462 504
462 459
462 467
463 464
464 505
464 465
464 463
465 514
465 466
465 464
466 465
467 514
467 468
467 462
468 467
469 502
469 458
469 450
469 460
470 461
471 526
471 27
471 445
471 444
472 474
473 475
474 475
474 472
474 476
475 474
475 473
475 476
476 282
476 475
476 474
477 525
477 379
477 391
477 184
478 387
478 392
478 525
478 578
479 525
479 388
479 218
479 384
480 383
480 380
480 44
480 525
481 134
481 352
481 443
482 234
482 435
482 434
482 490
483 492
483 424
483 427
484 16
484 426
484 568
484 424
485 16
485 486
485 267
485 491
486 16
486 487
486 485
486 264
487 579
487 488
487 486
487 212
488 579
488 487
488 256
488 489
489 571
489 370
489 579
489 488
490 16
490 482
490 491
490 424
491 485
491 524
491 490
492 426
492 483
492 422
492 425
493 361
493 426
493 569
493 422
494 42
494 96
494 420
494 570
495 598
495 570
495 415
495 361
496 419
496 601
496 42
496 498
497 598
497 417
497 416
497 146
498 17
498 599
498 496
498 412
499 17
499 135
499 414
499 413
500 352
500 600
500 409
500 408
501 17
501 410
502 459
502 469
502 503
502 504
503 529
503 502
503 451
503 450
504 1
504 462
504 460
504 502
505 1
505 303
505 464
505 461
506 529
506 509
506 257
506 447
507 526
507 508
507 268
507 446
508 527
508 509
508 507
508 264
509 528
509 506
509 508
509 172
510 526
510 511
510 282
510 448
511 527
511 512
511 510
511 281
512 528
512 513
512 511
512 334
513 529
513 512
513 221
513 449
514 1
514 467
514 465
514 7
515 52
515 516
515 394
516 14
516 515
516 41
516 395
517 286
517 518
517 183
517 399
518 271
518 517
518 51
518 398
519 271
519 520
519 397
520 52
520 519
520 396
521 286
521 522
521 285
521 400
522 521
522 14
522 401
522 181
523 50
524 430
524 491
524 433
525 477
525 479
525 478
525 480
526 510
526 471
526 527
526 507
527 526
527 508
527 511
527 528
528 509
528 512
528 527
528 529
529 513
529 506
529 528
529 503
530 374
530 531
530 203
531 530
532 154
533 102
533 242
533 148
534 124
534 123
534 346
535 116
535 47
535 157
536 157
536 537
536 195
537 536
538 35
538 351
538 192
539 362
539 541
539 545
540 363
540 542
540 293
541 364
541 546
541 539
542 365
542 540
542 547
543 544
543 363
543 365
544 543
544 362
544 364
545 539
546 541
547 542
548 293
549 556
549 558
549 550
550 555
550 552
550 549
551 552
551 553
551 559
552 550
552 551
552 358
553 555
553 560
553 551
554 556
554 561
554 557
555 18
555 550
555 556
555 553
556 549
556 554
556 555
556 288
557 558
557 554
558 557
558 549
559 551
560 553
561 554
562 563
563 193
563 162
563 562
564 245
564 589
564 565
565 564
565 567
565 566
566 565
567 565
568 579
568 572
568 484
568 574
569 423
569 493
569 573
569 574
570 495
570 42
570 494
570 573
571 489
571 572
571 572
571 370
572 571
572 571
572 568
572 574
573 223
573 569
573 570
574 568
574 572
574 569
575 196
575 371
575 211
576 577
576 372
576 6
577 576
577 178
577 373
578 218
578 478
578 374
579 487
579 488
579 568
579 16
579 489
580 21
580 594
580 589
580 587
581 46
581 582
581 22
582 231
582 583
582 581
583 584
583 582
583 222
583 22
584 583
584 189
584 47
584 585
585 0
585 193
585 586
585 584
586 585
587 580
588 319
588 589
589 564
589 22
589 588
589 580
590 155
591 350
591 140
591 377
592 155
592 28
592 368
593 20
593 130
593 594
594 580
594 9
594 593
595 267
596 597
597 161
597 180
597 596
598 497
598 601
598 495
598 42
599 600
599 498
599 601
599 411
600 599
600 17
600 500
601 598
601 496
601 418
601 599
