0 1
0 6
0 653
1 894
1 0
1 513
2 495
2 3
2 905
3 677
3 4
3 2
4 69
4 5
4 3
5 8
5 4
5 407
6 686
6 642
6 0
7 822
7 336
7 335
8 5
8 504
8 9
9 430
9 408
9 10
9 8
10 11
10 9
10 546
10 409
11 362
11 12
11 10
11 361
12 13
12 11
12 116
12 115
13 12
13 666
13 410
14 15
14 288
14 317
15 16
15 400
16 401
16 17
16 292
17 293
17 18
18 294
18 403
18 19
19 295
19 20
20 21
20 405
21 297
21 22
22 199
22 198
23 40
23 516
23 24
24 395
24 579
24 25
24 23
25 442
25 26
26 398
26 27
27 317
27 316
27 28
28 29
28 580
29 30
29 401
29 582
30 31
30 402
31 32
31 403
31 461
32 33
32 404
33 34
33 585
34 35
34 406
35 41
35 196
36 37
36 180
36 179
37 38
37 578
38 39
38 393
39 306
39 305
39 40
40 23
40 394
40 39
41 35
41 195
42 900
42 655
42 163
42 241
43 650
43 900
43 165
43 858
44 510
44 706
45 166
45 44
45 46
45 632
46 167
46 618
46 47
46 45
47 411
47 168
47 500
47 46
48 557
49 48
49 449
49 582
50 51
51 52
51 50
51 76
51 364
52 53
52 51
52 157
52 366
53 52
53 54
53 158
53 479
54 53
54 55
54 159
54 276
55 160
55 833
55 54
56 861
56 611
56 862
57 881
58 363
58 59
58 247
58 155
59 58
59 828
59 810
59 642
60 75
60 61
60 143
61 62
61 60
61 142
61 546
62 362
62 63
62 61
62 141
63 116
63 64
63 62
63 117
64 63
64 666
64 140
64 65
65 336
65 139
65 820
65 64
66 686
66 67
66 859
67 152
67 494
67 68
67 66
68 635
68 495
68 69
68 67
69 620
69 4
69 68
69 70
70 504
70 71
70 69
71 826
71 505
71 70
72 827
72 147
72 73
73 74
73 145
73 72
74 75
74 73
74 144
75 74
75 60
75 431
76 77
76 156
76 51
76 685
77 367
77 76
78 538
78 92
78 79
79 78
79 80
79 350
79 349
80 79
80 81
80 123
80 122
81 485
81 713
81 80
81 668
82 215
82 745
82 216
83 84
83 636
83 240
83 185
84 687
84 83
85 86
85 687
85 463
86 508
86 507
86 87
86 85
87 88
87 86
87 630
87 622
88 89
88 87
88 616
88 615
89 88
89 497
89 90
89 498
90 591
90 590
90 91
90 89
91 422
91 421
91 90
92 78
92 484
92 91
93 94
93 695
93 599
93 598
94 95
94 93
94 610
94 609
95 94
95 266
95 265
96 97
96 246
96 641
97 98
97 96
97 644
98 97
98 99
98 657
99 100
99 98
99 645
99 660
100 101
100 99
100 527
100 526
101 100
101 273
101 272
102 103
102 276
102 275
103 104
103 102
103 611
103 533
104 105
104 103
104 611
104 534
105 104
105 268
105 267
106 669
106 107
106 870
107 108
107 106
108 176
108 109
108 107
109 108
109 110
109 269
109 703
110 109
111 234
111 233
112 130
112 113
112 358
113 114
113 112
113 629
113 359
114 725
114 113
114 675
115 12
115 725
115 410
116 63
116 12
116 666
116 362
117 140
117 63
117 141
118 718
118 345
118 119
118 852
119 716
119 883
119 120
119 118
120 566
120 347
120 121
120 119
121 623
121 348
121 122
121 120
122 485
122 349
122 80
122 121
123 80
123 711
123 124
123 667
124 125
124 353
124 123
125 124
125 707
125 672
126 127
126 708
126 173
126 172
127 128
127 126
127 671
127 355
128 129
128 127
128 665
128 356
129 130
129 128
129 378
129 357
130 390
130 112
130 129
131 132
131 643
131 240
131 241
132 133
132 131
132 435
132 654
133 134
133 132
133 436
133 662
134 133
134 521
134 437
134 755
135 439
135 602
135 136
135 776
136 135
136 255
136 254
137 515
138 149
138 150
139 140
139 848
139 65
140 117
140 139
140 64
141 142
141 117
141 62
142 143
142 141
142 704
142 61
143 142
143 144
143 60
144 74
144 145
144 143
145 146
145 73
145 144
146 145
146 147
147 72
147 148
147 146
148 505
148 149
148 147
149 138
149 148
150 635
150 151
150 138
151 152
151 150
152 151
152 153
152 67
153 855
153 859
153 152
154 810
154 854
154 155
155 58
155 154
155 685
156 157
156 76
157 52
157 661
157 158
157 156
158 451
158 157
158 159
158 53
159 160
159 277
159 54
159 158
160 161
160 55
160 159
161 612
161 160
161 162
162 264
162 161
162 698
163 242
163 42
163 646
163 164
164 369
164 165
164 163
165 164
165 651
165 43
166 633
166 45
166 167
167 619
167 46
167 168
167 166
168 169
168 501
168 47
168 167
169 170
169 168
169 594
169 411
170 171
170 169
170 425
170 412
171 172
171 170
171 542
171 413
172 171
172 355
172 126
172 354
173 671
173 414
173 174
173 126
174 329
174 328
174 175
174 173
175 223
175 224
175 174
176 638
177 627
177 178
178 863
178 179
178 177
179 578
179 869
179 36
179 178
180 753
180 181
180 36
181 736
181 737
181 182
181 180
182 768
182 183
182 181
183 739
183 184
183 182
184 752
184 312
184 183
184 738
185 83
185 239
185 875
186 636
186 563
186 187
186 688
187 564
187 637
187 188
187 186
188 519
188 758
188 187
188 520
189 190
189 783
189 601
189 562
190 189
190 252
190 251
191 460
192 191
192 583
192 461
193 194
194 853
194 193
195 492
195 41
195 838
196 197
196 35
197 196
197 406
197 198
198 22
198 197
199 22
199 200
200 201
200 199
201 202
201 200
202 303
202 201
202 203
203 204
203 202
204 205
204 203
205 206
205 204
206 343
206 207
206 205
207 208
207 206
208 720
208 209
208 207
208 493
209 878
209 208
210 877
210 878
211 212
211 877
212 211
212 683
212 213
213 214
213 212
214 323
214 215
214 213
215 82
215 214
216 82
216 217
216 324
217 216
217 218
218 219
218 326
218 217
219 218
219 220
220 219
220 221
220 327
221 220
221 222
222 705
222 221
222 223
223 175
223 222
224 225
224 175
225 224
225 226
225 329
226 227
226 225
227 226
227 330
227 228
228 227
228 229
229 228
229 876
230 857
230 231
231 230
231 232
231 333
232 724
232 231
233 724
233 884
233 111
234 111
234 335
234 235
235 885
235 888
236 887
236 886
237 238
237 570
237 639
237 309
238 310
238 640
238 239
238 237
239 563
239 185
239 238
240 654
240 83
240 131
241 435
241 42
241 131
242 656
242 163
242 243
243 481
243 244
243 369
243 242
244 379
244 573
244 243
244 245
245 657
245 96
246 247
246 644
246 691
247 58
247 642
247 530
248 270
248 249
248 432
249 313
249 250
249 248
250 600
250 251
250 249
251 562
251 190
251 250
252 601
252 253
252 190
253 447
253 252
253 254
254 602
254 136
254 253
255 439
255 256
255 136
256 433
256 257
256 255
257 603
257 258
257 256
258 604
258 259
258 257
259 605
259 260
259 258
260 606
260 261
260 259
261 480
261 262
261 260
262 261
262 576
262 692
263 264
264 263
264 162
264 612
265 609
265 95
265 693
266 610
266 267
266 95
267 105
267 266
267 534
268 611
268 881
268 105
269 176
269 109
270 434
270 248
270 703
271 696
271 526
271 272
272 598
272 101
272 271
273 274
273 101
273 871
274 273
274 599
274 275
275 274
275 102
275 533
275 528
276 479
276 694
276 54
276 102
277 278
277 159
278 277
278 451
279 469
279 280
280 308
280 307
280 281
281 891
281 470
281 394
281 280
282 471
282 283
283 472
283 396
283 284
284 285
284 397
285 473
285 723
285 286
286 287
286 474
287 399
287 288
288 14
288 318
289 475
289 288
290 289
290 15
291 477
291 290
292 291
292 298
292 16
292 293
293 299
293 294
294 18
294 295
294 300
295 301
295 296
296 297
296 20
297 303
297 200
298 292
298 478
299 450
299 298
300 462
300 294
300 299
301 300
301 466
302 301
302 296
303 302
303 468
304 899
304 689
304 551
304 305
305 39
305 516
305 304
305 569
306 307
306 39
306 394
307 280
307 306
307 393
308 280
308 469
308 309
308 897
309 308
309 237
310 311
310 238
310 563
310 819
311 812
311 310
311 699
311 564
312 808
312 815
312 519
312 184
313 249
313 600
313 702
313 773
314 571
314 315
315 316
315 314
315 554
316 27
316 315
316 572
316 488
317 14
317 27
317 399
318 445
318 288
318 475
318 804
319 805
319 898
319 496
319 446
320 321
320 681
320 878
321 322
321 680
321 877
322 323
322 679
322 682
323 678
323 713
323 214
324 325
324 713
324 216
324 668
325 825
325 586
325 326
325 324
326 536
326 218
326 327
326 325
327 220
327 673
327 328
327 326
328 709
328 174
328 327
328 414
329 225
329 671
329 330
329 174
330 227
330 665
330 331
330 329
331 816
331 378
331 840
331 330
332 841
332 839
332 333
333 231
333 629
333 334
333 332
334 728
334 728
334 333
335 234
335 410
335 728
335 7
336 65
336 7
336 727
337 309
337 570
338 465
338 415
339 821
339 338
340 806
340 462
340 339
341 340
341 850
342 341
342 467
343 342
343 493
344 850
344 806
344 345
344 821
345 118
345 346
345 344
346 883
346 345
347 120
347 548
347 348
347 883
348 121
348 549
348 349
348 347
349 122
349 484
349 79
349 348
350 539
350 351
350 79
351 350
351 712
351 711
352 712
352 353
352 540
353 541
353 354
353 352
353 124
354 707
354 413
354 172
354 353
355 127
355 542
355 356
355 172
356 128
356 543
356 357
356 355
357 129
357 377
357 358
357 356
358 359
358 112
358 389
358 357
359 360
359 358
359 113
359 544
360 361
360 359
360 545
360 114
361 409
361 11
361 360
362 62
362 11
362 116
362 546
363 364
363 58
363 530
364 363
364 365
364 51
365 368
365 366
365 364
366 52
366 532
366 479
366 365
367 685
368 365
369 164
369 370
369 243
370 380
370 371
370 369
370 651
371 381
371 511
371 372
371 370
372 373
372 371
372 383
372 633
373 374
373 372
373 384
373 619
374 375
374 373
374 385
374 501
375 386
375 594
375 376
375 374
376 427
376 387
376 375
377 357
377 388
377 543
378 331
378 129
378 391
378 665
379 369
379 244
379 380
380 370
380 381
380 652
380 379
381 371
381 382
381 380
381 512
382 628
382 383
382 381
383 372
383 384
383 382
384 373
384 383
384 385
385 502
385 374
385 386
385 384
386 595
386 375
386 387
386 385
387 376
387 428
387 386
387 388
388 389
388 377
388 387
389 388
389 544
389 358
390 130
390 391
390 629
391 841
391 390
391 378
392 37
392 180
393 279
393 392
394 306
394 281
394 40
395 24
395 394
396 283
396 395
397 25
397 396
398 286
398 397
399 398
400 317
400 28
401 400
401 16
401 29
402 401
402 17
403 18
403 31
403 402
404 403
404 19
405 404
405 33
406 405
406 21
407 408
407 5
407 503
408 409
408 407
408 9
408 429
409 361
409 408
409 10
409 545
410 335
410 115
410 13
410 730
411 412
411 47
411 169
411 593
412 413
412 411
412 170
412 424
413 354
413 412
413 171
413 541
414 328
414 708
414 173
414 673
415 338
415 416
415 625
415 821
416 417
416 547
416 415
417 416
417 418
417 589
418 452
418 419
418 417
419 420
419 458
419 418
420 419
420 548
420 421
421 537
421 590
421 91
421 420
422 538
422 591
422 423
422 91
423 424
423 422
423 540
423 592
424 412
424 423
424 541
424 593
425 426
425 170
425 542
426 427
426 425
426 594
427 376
427 426
427 543
428 544
428 595
428 429
428 387
429 545
429 596
429 408
429 428
430 431
430 9
430 504
431 75
431 430
431 546
432 764
432 459
432 248
433 256
433 603
433 439
433 780
434 732
434 270
434 889
434 514
435 436
435 241
435 655
435 132
436 437
436 435
436 658
436 133
437 522
437 438
437 436
437 134
438 437
439 255
439 779
439 433
439 135
441 440
441 553
442 572
442 441
442 579
443 472
443 284
444 443
444 851
444 506
445 287
445 474
446 445
446 319
446 613
447 253
447 778
447 602
447 601
448 48
448 449
449 30
449 565
449 49
450 339
450 462
451 661
451 158
452 714
452 418
452 548
452 547
453 454
453 621
453 901
454 455
454 453
454 507
454 893
455 456
455 454
455 622
455 715
456 457
456 455
456 615
456 614
457 458
457 456
457 497
457 496
458 419
458 457
458 590
458 589
459 735
459 432
459 889
460 558
460 461
461 31
461 192
461 565
461 460
462 466
462 340
462 300
463 464
463 508
463 649
463 85
464 463
464 643
464 84
465 338
465 478
465 450
466 467
466 341
467 468
467 302
468 204
468 343
469 743
469 337
470 897
470 517
470 281
471 892
471 664
472 587
472 283
472 471
473 851
473 285
473 443
474 473
474 879
475 486
475 476
476 477
476 290
477 625
477 478
478 465
478 298
479 276
479 528
479 366
479 53
480 261
480 834
480 576
480 606
481 482
481 243
481 574
481 656
482 483
482 481
482 575
482 663
483 482
483 524
483 831
483 525
484 349
484 92
484 537
485 122
485 81
485 624
486 588
486 898
487 488
487 315
488 580
488 316
489 626
489 490
490 193
490 491
491 492
492 34
492 195
492 585
493 208
493 670
494 495
494 67
494 904
495 494
495 68
495 2
496 319
496 614
496 746
496 457
497 590
497 615
497 89
497 457
498 591
498 616
498 499
498 89
499 617
499 500
499 592
499 498
500 593
500 618
500 47
500 499
501 594
501 619
501 374
501 168
502 595
502 628
502 503
502 385
503 502
503 407
503 634
504 430
504 70
504 8
505 148
505 71
506 893
506 444
506 587
507 86
507 454
507 622
507 621
508 509
508 86
508 630
508 463
509 510
509 508
509 631
509 649
510 44
510 509
510 632
510 650
511 371
511 633
511 651
512 628
512 684
512 513
513 634
513 653
513 1
514 701
514 766
514 434
515 516
515 899
516 23
516 515
516 579
516 305
517 470
517 639
517 648
517 890
518 690
519 761
519 813
519 188
519 312
520 757
520 637
520 521
520 188
521 747
521 662
521 134
521 520
522 832
522 437
522 762
522 523
523 524
523 647
523 522
523 756
524 663
524 483
524 523
524 754
525 575
525 526
525 483
525 793
526 271
526 660
526 100
526 525
527 835
527 645
527 528
527 100
528 532
528 527
528 275
528 479
529 269
529 110
530 363
530 531
530 247
531 644
531 532
531 530
532 528
532 531
532 366
532 645
533 534
533 103
533 599
533 275
534 533
534 104
534 610
534 267
535 561
535 491
536 326
536 673
536 586
537 549
537 484
537 421
538 539
538 78
538 422
539 540
539 538
539 350
540 541
540 539
540 352
540 423
541 413
541 540
541 353
541 424
542 543
542 171
542 355
542 425
543 377
543 542
543 356
543 427
544 545
544 389
544 359
544 428
545 409
545 544
545 360
545 429
546 61
546 10
546 362
546 431
547 452
547 830
547 719
547 416
548 549
548 452
548 347
548 420
549 537
549 548
549 348
550 178
550 627
551 550
551 569
552 137
552 579
553 552
554 572
554 441
555 487
556 581
556 555
557 556
557 582
558 448
559 583
559 191
560 584
560 559
561 659
561 560
562 251
562 775
562 189
562 600
563 564
563 239
563 186
563 310
564 814
564 563
564 311
564 187
565 558
565 461
565 449
566 120
566 567
566 717
567 566
567 679
567 623
568 689
568 551
569 38
569 578
569 305
570 237
570 741
571 440
571 554
572 316
572 442
572 26
573 574
573 244
573 657
574 573
574 481
574 575
575 525
575 660
575 482
575 574
576 607
576 480
576 262
576 793
577 156
577 77
578 569
578 179
578 550
579 24
579 442
579 516
579 552
580 555
580 581
580 488
581 582
581 580
582 29
582 581
582 49
582 557
583 32
583 584
583 192
584 560
584 585
584 583
585 535
585 584
585 492
586 325
586 536
586 668
587 472
587 506
587 664
588 476
588 625
588 486
589 458
589 721
589 818
589 417
590 90
590 458
590 421
590 497
591 592
591 90
591 422
591 498
592 593
592 591
592 423
592 499
593 411
593 592
593 424
593 500
594 375
594 169
594 426
594 501
595 428
595 502
595 596
595 386
596 429
596 674
596 595
597 607
597 598
597 696
598 609
598 272
598 597
598 93
599 610
599 533
599 93
599 274
600 250
600 562
600 313
600 774
601 252
601 447
601 189
601 784
602 135
602 447
602 254
602 782
603 257
603 604
603 433
603 781
604 258
604 605
604 603
604 777
605 259
605 606
605 604
605 771
606 260
606 480
606 605
606 772
607 608
607 597
607 576
608 609
608 697
608 607
609 608
609 265
609 598
609 94
610 266
610 599
610 534
610 94
611 268
611 56
611 104
611 103
612 161
612 277
613 446
613 879
614 456
614 722
614 817
614 496
615 497
615 622
615 88
615 456
616 498
616 630
616 617
616 88
617 499
617 631
617 618
617 616
618 500
618 632
618 46
618 617
619 501
619 633
619 373
619 167
620 69
620 635
620 149
620 505
621 507
621 875
621 453
621 687
622 615
622 507
622 87
622 455
623 624
623 121
623 567
624 623
624 678
624 485
625 415
625 588
628 634
628 382
628 502
628 512
629 333
629 113
629 675
629 390
630 616
630 508
630 631
630 87
631 617
631 509
631 630
631 632
632 618
632 510
632 45
632 631
633 619
633 511
633 372
633 166
634 628
634 513
634 503
635 150
635 68
635 620
636 700
636 83
636 654
636 186
637 520
637 187
637 662
638 669
638 107
639 517
639 237
640 648
640 238
641 379
641 652
641 96
642 691
642 6
642 247
643 649
643 131
644 531
644 97
644 645
644 246
645 527
645 644
645 532
645 99
646 647
646 656
646 655
646 163
647 646
647 663
647 658
647 523
648 640
648 829
648 517
648 901
649 650
649 509
649 643
649 463
650 43
650 649
650 510
651 511
651 370
651 165
652 653
652 641
652 380
653 652
653 513
653 0
654 132
654 636
654 662
654 240
655 646
655 435
655 658
655 42
656 663
656 481
656 646
656 242
657 245
657 98
657 573
657 660
658 872
658 655
658 647
658 436
659 490
659 626
660 526
660 657
660 99
660 575
661 577
661 157
662 521
662 654
662 133
662 637
663 524
663 656
663 482
663 647
664 890
664 587
665 330
665 128
665 378
665 671
666 116
666 64
666 13
667 668
667 672
667 123
668 667
668 324
668 586
668 81
669 867
670 718
670 493
670 836
671 329
671 127
671 665
671 173
672 667
672 673
672 125
673 414
673 536
673 327
673 672
674 674
674 596
675 730
675 334
675 629
676 860
677 3
678 323
678 679
678 624
679 322
679 680
679 567
680 681
680 321
680 717
681 320
681 320
681 873
682 322
683 212
684 512
685 76
685 155
685 367
686 66
686 828
686 6
687 84
687 621
687 85
688 186
689 518
690 849
690 304
691 641
691 246
692 262
692 693
693 692
693 265
694 276
695 93
696 271
696 793
696 597
697 608
697 692
698 57
698 162
699 311
700 636
701 514
702 313
703 270
703 109
704 142
705 222
706 858
707 708
707 125
707 354
708 707
708 126
708 414
709 328
711 712
711 123
711 351
712 352
712 351
713 678
713 744
713 81
713 324
714 452
714 346
715 455
716 119
716 717
716 873
717 716
717 566
717 680
718 873
718 118
718 670
719 547
719 345
720 208
721 589
722 613
722 614
723 285
724 233
724 232
725 114
725 115
725 360
726 884
726 724
727 336
728 334
728 730
728 335
729 843
730 675
730 725
730 410
731 763
732 434
733 889
734 765
735 767
736 181
737 279
737 743
737 392
738 739
738 741
738 184
739 742
739 740
740 182
740 737
741 570
741 738
742 337
742 741
743 740
743 742
744 713
745 82
746 496
747 521
748 759
749 760
750 763
750 786
751 36
751 753
752 764
752 184
752 789
753 750
754 796
754 795
754 524
755 776
755 874
755 134
756 777
756 800
756 523
757 797
757 792
757 520
758 783
758 791
758 188
759 802
759 748
759 801
760 809
760 788
760 749
761 787
761 790
761 519
762 798
762 799
762 522
763 750
763 731
763 766
764 752
764 767
764 432
765 786
765 734
765 763
766 751
766 870
767 770
767 769
767 735
768 769
768 770
769 765
770 767
770 785
771 800
771 605
771 777
772 795
772 796
772 606
773 789
773 313
773 764
774 788
774 600
774 809
775 790
775 562
775 787
776 755
776 782
776 135
777 756
777 604
777 781
778 792
778 447
778 797
779 874
779 439
779 776
780 794
780 433
780 779
781 799
781 603
781 798
782 801
782 602
782 802
783 758
783 189
783 775
784 791
784 601
784 783
785 183
785 752
786 765
786 768
787 761
787 774
788 774
788 761
789 773
789 760
790 775
790 758
791 784
791 757
792 778
792 759
793 696
793 576
793 772
793 525
794 780
794 762
795 772
795 793
796 754
796 771
797 757
797 784
798 780
798 762
799 781
799 756
800 771
800 754
801 782
801 755
802 759
802 778
803 804
804 805
804 318
805 804
805 319
805 803
806 344
806 340
807 806
808 312
809 760
809 773
810 154
810 59
810 860
811 704
812 311
813 519
814 564
815 312
816 331
816 229
817 614
817 837
818 589
819 310
820 65
821 344
821 415
822 844
823 902
824 837
824 851
825 325
825 710
826 71
827 72
828 686
828 59
828 676
829 893
829 648
830 547
830 821
831 483
832 522
833 55
834 480
835 527
836 852
836 670
836 342
837 817
837 824
838 195
838 853
839 332
839 857
840 331
840 839
841 332
841 391
841 840
842 846
843 886
843 729
843 887
844 888
844 885
844 822
845 848
846 843
847 846
847 845
848 845
848 139
848 903
849 515
850 852
850 344
851 824
851 473
851 444
851 879
852 850
852 836
852 118
853 491
853 194
853 838
854 855
854 856
854 154
855 153
855 854
856 855
856 860
857 230
857 839
857 876
858 706
858 43
859 66
859 860
859 153
860 676
860 856
860 859
860 810
861 56
862 882
862 56
863 864
863 869
864 867
865 866
866 868
866 177
867 865
867 868
868 863
869 179
869 870
869 751
870 106
870 869
870 864
871 273
872 658
873 718
873 716
873 681
874 779
874 794
875 621
875 185
876 229
876 857
877 211
877 210
877 321
878 210
878 209
878 320
879 851
879 613
880 862
880 882
881 268
881 880
882 698
883 346
883 119
883 347
884 726
885 844
885 236
886 843
886 847
887 236
887 844
888 234
889 733
889 459
889 434
890 664
890 892
890 517
891 282
891 896
892 470
892 891
893 454
893 506
894 1
895 896
895 282
896 895
896 895
897 470
897 308
898 486
898 319
898 803
899 849
899 304
900 43
900 42
901 453
901 648
902 823
902 842
903 842
903 902
904 494
904 906
905 904
905 907
906 907
906 894
907 906
907 894
