0 471
1 0
1 367
2 226
3 2
3 17
4 3
5 6
6 5
6 357
7 6
7 358
7 466
8 9
8 455
9 364
10 1321
10 366
11 359
11 467
12 64
12 11
13 12
13 468
14 13
14 361
15 1
15 16
16 17
16 2
17 238
18 449
19 18
19 369
19 450
20 1322
20 21
21 1133
21 798
22 339
22 658
23 1276
23 22
24 25
25 46
25 1273
26 27
27 611
28 1083
29 720
30 29
31 32
32 968
33 933
33 31
34 33
34 585
35 743
35 716
35 689
36 37
37 38
37 650
38 39
38 1001
39 610
39 717
40 41
40 35
41 1003
41 562
42 43
43 1000
43 162
44 45
44 566
45 978
46 47
47 395
47 502
48 1257
48 0
49 50
49 20
50 1105
51 52
52 53
53 54
54 428
54 294
55 1283
55 185
56 55
56 179
57 59
57 1300
58 57
59 289
59 60
60 61
60 353
61 62
62 63
62 355
63 12
63 468
64 65
64 360
65 485
66 519
66 67
67 601
67 68
68 69
68 1177
69 1203
69 70
70 71
70 1076
71 206
71 205
71 72
72 73
72 684
73 1031
73 74
74 159
74 75
75 76
75 1053
76 1033
76 77
77 557
77 78
78 555
79 80
79 1092
80 81
80 114
81 82
81 114
82 946
82 83
83 84
83 495
84 85
85 86
85 378
86 87
86 1016
87 88
87 490
88 707
88 89
89 90
89 492
90 91
90 1301
91 92
91 819
92 93
92 176
93 1023
93 94
94 95
94 1320
95 96
95 1025
96 97
96 1296
96 439
97 98
97 1297
97 196
98 58
98 416
99 334
100 1277
100 1185
101 340
101 100
102 1316
102 342
103 805
104 103
104 1150
105 104
105 331
106 979
106 107
107 106
107 377
107 376
108 746
108 109
109 108
110 111
110 936
111 110
111 1129
111 1128
112 332
113 112
113 422
114 115
114 489
115 116
115 494
116 1307
116 1251
117 1253
117 118
118 119
118 998
119 120
119 570
120 121
121 122
121 1017
122 123
123 1022
123 1236
124 1240
124 923
125 126
125 916
126 127
127 712
127 128
128 129
129 1065
129 130
130 1241
130 1242
131 832
131 132
132 133
133 825
133 1246
134 1163
134 135
135 136
136 137
137 1145
138 200
139 1325
140 489
141 145
141 140
142 1327
143 142
143 147
144 140
144 145
145 1034
146 147
146 142
147 1256
148 149
148 713
149 1100
150 128
150 1065
151 152
152 151
152 699
153 1095
154 155
154 702
155 1098
156 653
156 653
157 1188
158 157
158 159
158 1051
159 1190
159 1052
160 74
160 1031
161 839
161 162
162 163
162 161
163 1000
163 164
163 162
164 165
164 1093
164 163
165 164
165 644
165 1094
165 166
166 609
166 167
166 165
167 168
167 837
167 166
168 167
168 267
168 169
169 637
169 652
169 170
169 168
170 654
170 171
170 169
171 639
171 172
171 170
172 173
172 171
173 172
173 1152
173 174
174 175
174 173
175 399
175 174
176 821
177 178
177 1066
178 1246
178 825
179 1102
179 180
180 181
180 811
181 182
181 795
182 812
183 184
184 183
184 845
185 184
186 187
186 948
187 581
188 1280
188 880
189 190
189 407
190 444
191 192
191 402
192 729
193 405
193 194
193 192
194 1154
195 194
195 189
196 197
196 439
197 198
197 417
198 441
198 199
199 419
199 200
200 218
201 202
201 410
202 447
203 204
203 331
204 203
205 1075
205 683
206 1076
206 685
206 207
207 208
207 1030
208 686
209 216
209 208
210 211
210 370
211 673
212 1245
213 668
213 212
214 1079
215 214
215 680
216 1078
217 216
217 688
218 232
218 219
219 220
219 233
220 234
220 221
221 438
221 222
222 223
223 224
224 237
224 225
225 238
225 16
226 239
226 227
227 487
227 228
228 242
228 229
229 243
229 1173
229 230
230 244
230 231
230 688
231 245
231 1057
233 232
234 220
234 233
235 221
235 234
236 223
236 235
237 236
238 237
239 3
240 227
240 239
241 240
242 241
243 229
243 242
244 230
244 243
245 231
245 244
246 1239
246 958
247 305
248 249
248 464
249 250
249 311
250 251
250 514
251 252
251 313
252 679
252 253
253 315
253 254
254 551
255 1285
256 255
256 625
257 905
258 307
258 257
259 258
259 991
260 317
260 261
261 260
262 263
263 262
263 724
263 264
264 694
264 915
265 918
266 265
266 703
267 715
268 126
268 916
269 268
269 714
270 922
271 270
271 712
272 747
273 1198
274 273
274 1326
274 740
275 1326
276 275
276 1226
277 58
277 416
277 278
278 291
279 278
279 418
279 280
280 293
280 219
281 51
281 282
281 406
282 298
283 282
283 408
284 283
284 300
285 302
286 52
286 404
287 288
288 287
288 848
289 1248
290 291
290 277
291 292
291 437
292 279
293 292
293 438
293 220
294 286
295 296
295 332
296 424
297 53
297 298
297 281
298 299
298 429
299 300
299 283
300 301
300 431
301 1324
302 301
302 433
303 897
304 814
305 304
305 959
306 307
306 257
307 938
308 307
308 259
308 1285
309 256
309 1285
310 248
311 310
311 481
312 250
312 311
313 312
313 966
313 314
314 252
315 314
315 967
316 254
316 315
317 701
318 317
318 957
319 110
320 980
320 319
321 979
321 1330
322 323
323 26
323 324
324 325
325 326
326 689
326 690
327 747
327 326
328 327
328 103
329 328
329 806
330 329
330 104
331 330
331 847
332 203
332 402
333 295
333 113
334 451
334 333
335 334
335 1275
336 849
336 335
337 850
337 336
338 337
338 1276
339 338
339 100
340 658
340 339
341 531
341 1249
342 341
342 855
343 344
343 1052
344 554
345 1111
345 346
346 347
346 912
347 945
348 995
348 349
348 347
349 1015
350 632
350 349
350 351
351 706
351 352
352 768
353 354
353 435
354 355
354 61
355 1116
356 357
356 464
357 358
357 483
358 484
358 7
358 359
359 11
359 485
360 361
360 13
361 362
361 1260
362 1258
363 364
363 8
364 365
364 477
365 366
365 1321
366 1290
367 226
367 487
368 18
368 369
369 474
369 19
370 1077
371 370
371 211
372 373
372 735
373 372
373 213
374 375
374 1013
375 1015
375 568
376 107
376 1004
376 978
377 107
378 120
378 569
379 1018
379 380
380 572
381 1020
381 380
382 844
382 383
383 397
383 691
384 398
384 385
385 807
386 46
386 887
387 386
387 889
388 663
389 1038
389 388
390 389
390 534
391 721
391 396
392 391
392 842
393 404
394 1317
394 454
395 394
395 1272
396 881
397 383
397 692
398 749
398 397
399 647
399 420
399 400
400 401
400 1152
401 400
401 422
401 112
401 1153
402 288
402 403
403 393
404 192
404 405
405 51
405 406
406 194
406 407
407 282
407 408
408 190
408 409
409 410
410 411
410 284
411 412
411 202
412 413
412 285
413 414
414 1308
414 1311
414 415
415 98
415 1297
415 1300
416 417
416 196
417 418
417 278
418 419
418 198
419 280
419 218
420 448
421 400
421 420
422 1124
422 401
422 421
423 333
424 423
424 452
425 424
425 403
426 1317
426 454
427 426
427 294
428 49
428 427
429 1322
429 21
430 299
430 429
431 430
431 962
432 431
432 301
433 432
433 1222
434 433
434 413
435 434
435 1308
435 289
435 1250
436 60
436 290
437 436
437 1070
438 1282
438 1171
439 440
439 1025
440 197
441 440
441 1159
442 441
442 199
443 444
443 195
444 1132
445 446
445 409
446 201
446 445
447 446
447 1156
448 449
449 1123
449 450
450 99
450 19
450 1124
451 452
451 423
452 453
452 475
453 394
453 425
454 455
454 476
455 456
455 731
456 457
456 9
457 1289
457 458
458 459
458 10
459 460
460 461
460 1119
461 462
462 463
463 310
463 481
464 465
464 1120
465 466
465 6
466 7
466 1122
466 467
467 63
467 11
467 1116
468 469
468 1027
469 470
469 14
470 471
470 362
471 472
471 1117
472 15
472 225
473 368
474 1183
474 369
474 473
475 849
475 1274
476 502
476 395
477 504
477 1270
478 365
478 1268
479 459
479 1290
480 460
480 1267
481 1265
481 964
482 249
482 356
483 1234
483 1263
484 1201
484 358
484 483
485 359
485 1310
485 484
486 1261
486 360
487 48
487 1172
488 144
488 79
489 913
490 491
490 633
491 492
491 88
492 493
492 769
493 91
494 82
494 495
495 996
496 488
497 520
498 1208
498 499
499 1115
499 1278
500 1185
500 1184
500 1277
501 24
501 851
502 1309
502 1210
503 504
503 1091
504 505
504 606
505 506
505 1269
506 1323
506 1142
507 508
507 1294
508 509
508 479
509 510
509 872
510 511
510 1135
511 512
511 1204
512 513
513 312
513 966
514 515
514 482
515 516
515 953
516 517
516 1263
516 1021
517 518
517 600
518 601
518 1202
518 66
519 497
519 603
519 1254
520 521
520 1261
521 522
521 486
522 523
523 524
523 1216
524 525
524 596
525 526
525 1259
526 527
526 1257
527 528
527 1228
528 599
528 228
529 563
529 530
530 1316
530 1036
530 1186
531 532
531 853
532 533
532 882
533 390
533 1179
534 535
534 1039
535 536
535 737
536 537
537 538
537 1041
538 539
538 1108
539 540
539 1043
540 541
540 1144
541 542
541 1045
542 543
542 1220
543 544
543 861
543 860
544 545
544 802
545 546
545 893
546 547
546 879
547 548
547 894
548 549
548 1205
549 550
549 593
549 896
550 316
550 896
551 552
551 1318
552 1181
552 553
553 344
553 1182
553 560
554 78
554 1053
555 557
556 322
556 1330
557 558
557 1033
558 1195
559 560
559 552
560 1197
560 553
561 1003
561 45
562 561
562 607
564 1278
564 1115
565 935
566 1081
567 374
568 567
568 375
568 1319
569 570
569 84
570 997
571 119
571 379
572 571
572 999
573 574
573 899
574 575
575 576
575 862
576 786
577 913
578 577
578 1306
579 578
580 186
580 579
581 914
581 580
582 840
582 937
583 30
584 981
584 583
584 29
585 904
586 587
586 760
587 588
587 779
588 813
589 1011
589 32
590 589
590 624
591 512
591 1204
592 591
592 678
593 1049
593 592
594 700
595 594
595 762
596 1072
597 596
597 527
598 597
599 598
599 1173
600 1176
601 600
601 1177
601 518
602 1323
603 1175
603 519
604 521
604 603
605 1309
606 1106
606 605
607 323
607 924
607 1004
608 267
608 166
609 837
609 36
610 40
610 718
611 612
611 844
612 613
612 723
613 614
613 1083
613 915
614 1083
614 613
614 615
615 616
616 617
616 1008
617 618
617 1084
618 619
618 695
618 1287
619 620
619 696
620 621
620 1009
621 878
621 622
621 698
622 623
622 1010
623 1011
623 590
623 700
624 309
625 626
625 1299
626 627
627 1012
627 628
628 921
628 629
629 630
630 705
630 631
631 706
631 1200
631 350
632 1016
632 87
633 1303
633 634
634 1022
634 124
635 636
635 1230
636 917
637 715
637 169
638 637
638 170
639 638
640 838
641 640
641 1206
642 641
642 645
643 835
643 644
644 36
644 165
645 974
645 646
646 643
647 399
648 742
648 649
649 171
650 651
650 717
651 652
651 837
652 156
652 169
652 716
653 654
653 156
654 648
655 656
656 657
657 1036
657 1185
657 101
658 659
659 852
659 660
660 661
661 886
661 662
662 1038
662 388
663 664
664 1039
664 665
665 666
665 736
666 667
666 1040
667 891
667 668
667 1041
668 669
668 891
669 1138
669 670
670 671
671 210
671 672
672 673
673 674
673 801
674 1058
674 675
675 676
675 872
675 873
676 1136
676 677
677 1204
677 592
677 1049
678 314
678 967
679 680
679 214
680 681
680 1189
681 682
682 683
683 72
683 1190
683 205
684 685
685 206
685 1054
685 686
686 1055
686 687
686 685
687 209
687 688
687 686
688 1057
688 230
688 687
689 35
689 326
689 745
689 719
690 326
690 691
690 26
691 748
691 690
691 383
692 397
692 750
692 693
693 263
693 692
693 694
694 751
694 693
694 264
695 1085
696 695
696 791
697 620
697 696
698 697
699 698
699 622
700 699
700 761
701 957
701 594
702 260
702 265
703 702
703 155
704 703
704 629
705 704
705 766
706 705
706 631
706 767
707 351
707 632
708 491
708 633
709 708
709 270
710 771
710 709
711 710
712 711
712 150
713 268
713 127
714 713
714 149
715 153
715 637
716 742
716 652
716 35
717 650
717 39
717 718
718 717
718 716
719 325
719 689
719 924
720 396
720 1280
721 584
721 720
722 721
722 1284
723 722
723 1284
724 382
724 612
725 693
725 751
726 56
726 185
727 726
727 1102
727 1211
728 727
728 846
729 728
729 1104
730 427
730 50
731 730
732 1090
732 1271
733 732
734 605
734 1106
735 734
735 1210
736 372
736 212
737 665
737 1039
738 535
739 738
739 1109
740 739
740 1108
741 274
742 803
742 743
743 744
744 804
744 745
745 689
745 805
745 108
746 956
746 327
747 748
747 272
747 690
748 807
748 384
749 781
749 750
750 725
751 808
751 752
752 753
753 809
753 754
754 1143
754 755
755 756
756 857
756 757
757 758
758 793
758 759
759 1243
759 760
760 761
760 1243
761 595
762 763
762 827
763 764
763 1097
764 765
764 829
765 704
765 766
766 818
766 767
767 352
767 1301
767 706
768 89
768 707
769 770
769 708
770 771
770 709
771 822
771 772
772 773
772 711
773 830
773 130
774 832
775 824
776 831
776 775
777 756
778 777
778 794
779 778
779 834
780 132
780 826
781 1244
781 1281
782 1314
782 828
783 828
783 784
784 816
785 901
785 576
786 787
786 862
787 788
787 876
788 789
789 988
789 790
790 619
790 1287
791 792
791 856
792 758
792 757
793 833
793 834
793 778
794 181
794 811
795 1130
795 796
796 797
796 1149
797 443
797 1132
798 458
799 800
799 1212
800 371
801 860
801 1291
802 1059
803 649
803 1151
804 803
804 744
805 804
805 1150
805 745
806 328
806 329
807 184
807 806
808 179
808 1283
809 808
810 755
810 809
811 810
811 777
812 794
812 779
813 812
813 1148
814 959
814 588
815 246
815 1314
816 1165
816 815
817 765
817 816
818 817
819 818
819 1302
819 1301
820 769
820 493
821 820
821 770
822 821
823 822
823 772
824 823
824 177
825 824
825 776
826 133
826 134
827 782
827 958
828 829
828 763
829 784
830 831
830 775
831 1241
832 780
833 793
834 759
835 836
835 163
836 835
837 609
837 651
837 167
838 839
839 642
840 841
840 937
841 884
841 842
842 843
842 321
843 611
843 1005
844 691
845 1166
845 846
845 1167
846 847
846 330
847 191
847 729
848 296
848 1227
849 850
849 336
850 501
851 659
851 886
851 23
852 1037
852 531
853 854
853 1179
854 855
855 885
856 695
857 1143
857 856
858 785
859 1287
859 789
860 1046
860 672
860 1291
861 802
862 930
863 981
863 722
864 867
865 864
865 1169
866 867
866 1064
867 1019
868 865
869 1200
869 1015
869 1014
870 122
870 1017
871 28
871 615
872 1058
873 1047
874 902
874 875
875 931
876 877
876 788
877 989
877 878
878 1009
879 1137
880 188
881 188
881 883
882 660
882 852
883 840
884 391
884 883
885 1225
886 888
887 24
887 851
888 387
888 662
889 890
889 663
890 736
891 892
891 1042
892 860
892 671
893 894
894 1048
894 895
895 549
896 303
897 1180
898 899
898 928
899 900
900 858
901 874
902 903
903 585
903 933
904 938
904 306
905 906
906 940
906 907
907 941
907 908
908 909
908 942
909 1255
909 910
910 944
910 911
911 1111
911 346
911 945
912 81
913 141
913 1327
914 143
915 724
915 264
915 613
916 635
917 916
917 269
918 919
918 920
919 918
920 625
921 920
921 266
922 634
923 922
923 271
924 324
924 719
924 607
925 583
926 1101
926 925
927 926
928 927
929 928
929 573
930 574
930 929
931 786
931 901
932 875
932 902
933 932
933 990
934 1238
935 1237
936 1128
936 565
937 980
937 319
938 34
938 968
939 258
939 905
940 939
940 954
941 940
942 941
942 993
943 942
943 909
944 943
944 951
945 944
945 1319
945 911
946 347
946 912
947 116
947 577
948 1305
948 1062
949 948
949 187
950 910
950 1255
951 1319
952 682
952 1110
953 1193
954 992
955 626
955 1299
956 746
957 762
958 586
958 814
959 960
960 961
960 1148
961 446
961 1156
962 1192
962 963
963 463
963 1119
964 965
965 1135
965 513
966 591
966 678
967 593
967 550
968 1286
968 308
969 970
970 971
971 972
972 973
972 42
973 161
974 1199
974 975
975 1002
975 976
976 977
977 1003
977 44
978 106
978 376
978 1082
979 320
979 1082
980 841
981 982
982 983
982 925
983 984
984 985
984 1328
985 986
986 987
986 1127
987 859
987 1288
988 877
988 1009
989 990
989 932
990 31
991 954
991 939
992 993
992 941
993 994
993 567
994 943
994 951
995 83
995 946
995 1016
996 1307
996 997
997 118
997 1253
998 571
998 999
999 1125
1000 1093
1001 646
1001 38
1002 1001
1002 610
1003 1002
1004 376
1004 561
1004 607
1005 556
1005 27
1006 983
1006 863
1007 985
1007 1328
1007 871
1008 1007
1008 986
1009 790
1010 878
1010 989
1011 1010
1011 990
1012 992
1012 955
1013 1233
1013 1012
1014 1013
1015 869
1015 375
1015 1014
1016 349
1017 1303
1017 378
1018 121
1018 866
1019 1018
1019 380
1020 1019
1020 868
1021 953
1022 870
1023 176
1024 94
1024 1023
1025 1024
1025 1069
1026 61
1026 1070
1026 436
1027 62
1027 1026
1028 604
1029 1214
1029 1028
1030 1074
1030 1029
1031 684
1032 160
1032 75
1033 1195
1033 1032
1034 1112
1035 947
1035 1062
1036 530
1036 657
1036 563
1037 658
1037 1249
1038 533
1038 882
1039 389
1040 536
1040 737
1041 1040
1042 1041
1042 538
1043 1042
1044 1043
1044 540
1045 1044
1045 892
1046 542
1046 1045
1047 674
1047 801
1048 873
1048 676
1049 895
1049 1048
1050 253
1050 157
1051 1050
1051 1196
1052 1051
1052 1197
1052 159
1053 343
1054 1195
1054 685
1054 1055
1054 1032
1055 1054
1055 1056
1056 687
1056 1055
1056 1057
1057 1056
1057 231
1058 508
1058 799
1059 545
1059 879
1060 1229
1060 1061
1061 1114
1061 146
1062 1219
1062 1063
1063 998
1063 117
1064 1230
1064 1236
1065 773
1066 1067
1067 1068
1068 1069
1068 1024
1069 440
1069 1159
1070 1221
1070 1071
1071 1027
1071 469
1072 1174
1072 1073
1073 1216
1073 1074
1074 208
1075 70
1075 205
1075 1203
1076 206
1076 1214
1077 800
1077 1212
1078 1074
1078 1217
1079 1080
1079 1193
1080 215
1081 976
1081 1237
1082 978
1082 1128
1082 566
1083 613
1083 723
1084 1329
1085 1084
1086 815
1086 246
1087 1086
1088 1087
1089 1311
1089 1157
1089 1088
1089 1147
1090 1270
1091 1090
1091 733
1092 345
1092 912
1093 1094
1094 608
1094 165
1095 1096
1097 154
1097 318
1098 764
1098 1097
1099 148
1100 774
1100 1099
1101 1218
1101 984
1102 1168
1102 1103
1103 1104
1103 728
1104 193
1104 1154
1105 731
1105 456
1105 1289
1106 1107
1107 735
1107 373
1108 1140
1108 275
1109 854
1109 1225
1110 681
1110 1213
1111 950
1111 911
1112 496
1113 1034
1114 1113
1115 656
1115 1209
1116 1247
1116 467
1117 1221
1117 1071
1118 1117
1118 472
1118 224
1119 798
1119 1133
1120 1192
1120 963
1121 1120
1121 465
1121 1122
1122 466
1122 1247
1123 421
1124 1123
1124 450
1124 422
1125 1219
1125 1063
1126 1127
1127 1126
1127 788
1127 1218
1128 111
1128 1082
1128 936
1129 111
1130 182
1131 796
1131 1130
1132 1155
1132 1131
1133 962
1133 430
1134 964
1134 480
1135 1134
1136 872
1136 510
1137 1205
1137 547
1138 505
1138 1107
1139 752
1139 1329
1140 539
1140 1144
1142 670
1142 1138
1143 1139
1143 1085
1144 1226
1145 1160
1145 1146
1146 1231
1146 1068
1147 1191
1147 960
1148 1155
1148 1131
1149 1103
1149 1168
1150 1153
1150 805
1150 1151
1151 1152
1151 172
1152 1151
1152 400
1152 1153
1153 1150
1153 401
1153 105
1154 1149
1154 797
1155 445
1155 961
1156 1147
1156 1157
1157 1311
1157 412
1158 1320
1158 1296
1158 95
1159 1146
1159 1160
1160 139
1160 442
1161 247
1161 1086
1162 1066
1162 1163
1162 178
1163 1170
1164 1088
1164 1161
1165 1087
1165 1089
1166 845
1167 845
1168 795
1168 180
1169 636
1170 1145
1171 1118
1171 222
1172 528
1173 1217
1173 217
1174 598
1175 603
1175 1028
1175 1214
1176 1213
1177 1176
1177 601
1177 1203
1178 1295
1178 602
1179 738
1179 1109
1180 1181
1180 551
1182 1181
1182 553
1183 1184
1183 474
1184 1183
1184 1208
1184 500
1185 657
1185 500
1185 564
1186 102
1186 1187
1186 530
1187 1313
1187 1186
1188 679
1189 1188
1189 158
1190 1189
1190 159
1190 683
1190 73
1191 1235
1191 1164
1192 1222
1192 432
1193 251
1193 514
1194 1050
1195 558
1195 1054
1196 1194
1196 559
1197 1196
1197 560
1197 1052
1198 741
1199 974
1200 1233
1200 631
1200 869
1201 1202
1201 484
1202 1223
1202 1254
1202 518
1202 1201
1203 952
1203 1075
1203 1177
1204 1136
1206 975
1207 473
1207 1183
1208 1207
1209 498
1210 890
1210 386
1211 727
1212 1142
1212 1178
1213 1021
1213 1080
1214 69
1214 1076
1214 1175
1215 522
1215 1029
1216 1215
1217 1174
1217 1073
1218 929
1218 787
1219 949
1220 861
1221 1171
1221 1282
1222 1121
1222 1298
1223 517
1224 1232
1225 273
1225 740
1226 1220
1226 541
1227 848
1228 48
1228 1172
1229 1141
1230 864
1231 1170
1231 1067
1231 1162
1232 1292
1232 478
1233 628
1234 1201
1234 1223
1235 1191
1236 124
1236 1240
1237 934
1237 1238
1238 1206
1238 640
1239 247
1239 304
1240 635
1240 125
1241 1242
1241 131
1242 1099
1242 774
1243 152
1243 791
1244 781
1245 667
1245 666
1246 134
1247 1250
1247 1116
1248 1300
1248 1308
1249 340
1249 1315
1250 1247
1250 1298
1250 435
1251 1035
1251 1252
1252 1035
1252 117
1253 1252
1254 1310
1254 66
1254 519
1256 1061
1256 1229
1257 1258
1258 1259
1259 1260
1260 524
1260 486
1261 1262
1262 65
1262 497
1263 1264
1264 515
1264 482
1265 462
1265 1266
1266 461
1266 480
1267 479
1267 509
1268 506
1268 1269
1269 477
1270 1271
1271 363
1271 476
1272 453
1272 1273
1273 475
1274 451
1274 335
1275 99
1275 474
1276 501
1277 338
1278 500
1280 1279
1281 725
1281 781
1282 437
1282 292
1283 1281
1283 385
1284 392
1284 843
1285 1286
1286 624
1286 589
1287 1288
1288 1008
1288 617
1289 798
1289 20
1290 1292
1290 478
1291 544
1291 893
1292 1293
1293 1224
1293 507
1294 602
1294 1295
1295 799
1296 1297
1296 1158
1297 415
1297 1296
1298 1122
1299 255
1299 991
1300 1248
1300 415
1301 767
1301 819
1302 1165
1302 1320
1302 819
1303 1304
1304 490
1304 86
1305 1306
1305 579
1306 947
1307 494
1308 414
1308 435
1309 733
1309 503
1310 1254
1310 65
1310 485
1311 1089
1311 414
1311 1158
1312 1313
1312 342
1313 1187
1314 783
1314 782
1315 101
1315 1036
1316 341
1316 1315
1317 425
1317 393
1318 559
1318 1194
1319 568
1319 945
1319 348
1320 1158
1320 1089
1320 1302
1321 9
1321 457
1322 297
1322 428
1323 507
1323 1224
1324 285
1324 284
1324 411
1325 138
1325 442
1327 580
1327 914
1328 28
1328 1006
1329 614
1329 616
1330 322
1330 1004
