Beijing 
              PathPPS_len  PathPPS_time     Real_len       Acc
range                                                         
(0, 500]        22.227273      0.815727   311.181818  0.992095
(500, 1000]     54.754717      0.950170   766.566038  0.915577
(1000, 1500]    90.597701      1.252241  1268.367816  0.826466
(1500, 2000]   124.878378      1.428284  1748.297297  0.786835
(2000, 2500]   158.500000      1.676561  2219.000000  0.752000
(2500, 3000]   195.520000      1.904380  2737.280000  0.725401
(3000, 3500]   227.576923      2.125577  3186.076923  0.641745
(3500, 4000]   268.818182      2.444364  3763.454545  0.678555 


Chicago 
              PathPPS_len  PathPPS_time     Real_len       Acc
range                                                         
(0, 500]         9.000000      0.674600   288.000000  0.971429
(500, 1000]     24.850000      0.827350   795.200000  0.921116
(1000, 1500]    38.500000      0.919692  1232.000000  0.840548
(1500, 2000]    53.718750      1.054219  1719.000000  0.830461
(2000, 2500]    69.900000      1.234267  2236.800000  0.785639
(2500, 3000]    85.395833      1.602625  2732.666667  0.699268
(3000, 3500]   101.666667      1.629667  3253.333333  0.694771
(3500, 4000]   117.250000      1.891225  3752.000000  0.672587 


Feicheng 
              PathPPS_len  PathPPS_time     Real_len       Acc
range                                                         
(0, 500]        18.727273      1.606000   262.181818  0.980038
(500, 1000]     53.517241      1.898759   749.241379  0.855960
(1000, 1500]    89.914894      2.234553  1258.808511  0.758892
(1500, 2000]   125.122807      2.705965  1751.719298  0.749802
(2000, 2500]   158.187500      3.237979  2214.625000  0.712771
(2500, 3000]   197.173077      3.412019  2760.423077  0.655234
(3000, 3500]   228.763158      3.828605  3202.684211  0.643841
(3500, 4000]   267.179487      4.343564  3740.512821  0.648759 


Sparse1 
              PathPPS_len  PathPPS_time     Real_len       Acc
range                                                         
(0, 500]         3.818182      0.967545   244.363636  1.000000
(500, 1000]     11.322581      1.027452   724.645161  0.994624
(1000, 1500]    19.395349      1.107907  1241.302326  0.971214
(1500, 2000]    27.450000      1.163025  1756.800000  0.968228
(2000, 2500]    35.433962      1.208792  2267.773585  0.961137
(2500, 3000]    42.827586      1.160345  2740.965517  0.952978
(3000, 3500]    50.823529      1.261088  3252.705882  0.927229
(3500, 4000]    57.864865      1.284486  3703.351351  0.913147 


Sparse2 
              PathPPS_len  PathPPS_time     Real_len       Acc
range                                                         
(0, 500]         4.375000      0.959375   280.000000  1.000000
(500, 1000]     11.448276      1.001034   732.689655  1.000000
(1000, 1500]    19.772727      1.048591  1265.454545  1.000000
(1500, 2000]    27.961538      1.116077  1789.538462  0.997436
(2000, 2500]    35.666667      1.197292  2282.666667  1.000000
(2500, 3000]    43.000000      1.165240  2752.000000  1.000000
(3000, 3500]    50.166667      1.133533  3210.666667  1.000000
(3500, 4000]    58.714286      1.218619  3757.714286  0.998413 


Sparse3 
              PathPPS_len  PathPPS_time     Real_len       Acc
range                                                         
(0, 500]         4.482759      1.004069   286.896552  1.000000
(500, 1000]     12.176471      1.010059   779.294118  1.000000
(1000, 1500]    19.000000      1.067636  1216.000000  0.971760
(1500, 2000]    26.600000      1.110400  1702.400000  0.975267
(2000, 2500]    35.558824      1.124618  2275.764706  0.944345
(2500, 3000]    43.769231      1.159423  2801.230769  0.979294
(3000, 3500]    51.054054      1.149568  3267.459459  0.968491
(3500, 4000]    58.302326      1.222372  3731.348837  0.955088 


