Beijing: HCM(ms):,683.82,MapSize(B):,589912
Chicago: HCM(ms):,510.77,MapSize(B):,589912
Feicheng: HCM(ms):,1270.29,MapSize(B):,1310800
Sparse1: HCM(ms):,149.9,MapSize(B):,1310800
Sparse2: HCM(ms):,135.4,MapSize(B):,1310800
Sparse3: HCM(ms):,157.47,MapSize(B):,1310800


Beijing
分割点: [   0  666 1333 2000 2666 3333 4000]
每个区间的长度: 666.6666666666666
              PathPPS_len  PathPPS_time     Real_len       Acc
range
(0, 666]        31.262295  1.080656e+06   437.672131  0.954392
(666, 1333]     73.539823  9.701062e+05  1029.557522  0.865521
(1333, 2000]   118.061069  1.253435e+06  1652.854962  0.793274
(2000, 2666]   165.560748  1.477664e+06  2317.850467  0.735813
(2666, 3333]   213.409091  1.785818e+06  2987.727273  0.712035
(3333, 4000]   258.645161  2.060290e+06  3621.032258  0.646210

Feicheng
分割点: [   0  666 1333 2000 2666 3333 4000]
每个区间的长度: 666.6666666666666
              PathPPS_len  PathPPS_time     Real_len       Acc
range
(0, 666]        32.464286  1.612464e+06   454.500000  0.842781
(666, 1333]     71.784615  1.995600e+06  1004.984615  0.798705
(1333, 2000]   119.333333  2.410589e+06  1670.666667  0.719454
(2000, 2666]   168.380952  2.877226e+06  2357.333333  0.668316
(2666, 3333]   216.152778  4.008042e+06  3026.138889  0.661630
(3333, 4000]   262.962264  3.969094e+06  3681.471698  0.619236


Chicago
分割点: [   0  666 1333 2000 2666 3333 4000]
每个区间的长度: 666.6666666666666
              PathPPS_len  PathPPS_time     Real_len       Acc
range
(0, 666]        13.066667  6.660000e+05   418.133333  0.938817
(666, 1333]     31.244898  7.122449e+05   999.836735  0.870720
(1333, 2000]    50.761194  8.621045e+05  1624.358209  0.810963
(2000, 2666]    73.593220  9.967119e+05  2354.983051  0.834496
(2666, 3333]    93.783333  1.114250e+06  3001.066667  0.746614
(3333, 4000]   114.740260  1.264377e+06  3671.688312  0.770563

Sparse1
分割点: [   0  666 1333 2000 2666 3333 4000]
每个区间的长度: 666.6666666666666
              PathPPS_len  PathPPS_time     Real_len       Acc
range
(0, 666]         6.814815  1.037963e+06   436.148148  1.000000
(666, 1333]     15.582090  1.114313e+06   997.253731  0.986110
(1333, 2000]    25.958904  1.135767e+06  1661.369863  0.957455
(2000, 2666]    36.451613  1.252694e+06  2332.903226  0.954352
(2666, 3333]    46.913043  1.454014e+06  3002.434783  0.920149
(3333, 4000]    57.740000  1.337860e+06  3695.360000  0.868628

Sparse2
分割点: [   0  666 1333 2000 2666 3333 4000]
每个区间的长度: 666.6666666666666
              PathPPS_len  PathPPS_time     Real_len       Acc
range
(0, 666]         5.605263  9.535526e+05   358.736842  1.000000
(666, 1333]     15.529412  1.038500e+06   993.882353  1.000000
(1333, 2000]    26.166667  1.177875e+06  1674.666667  0.998611
(2000, 2666]    36.372093  1.121907e+06  2327.813953  0.997552
(2666, 3333]    47.100000  1.179750e+06  3014.400000  0.999275
(3333, 4000]    58.111111  1.205222e+06  3719.111111  0.999025

Sparse3
分割点: [   0  666 1333 2000 2666 3333 4000]
每个区间的长度: 666.6666666666666
              PathPPS_len  PathPPS_time     Real_len       Acc
range
(0, 666]         6.274510  9.606275e+05   401.568627  1.000000
(666, 1333]     14.745763  1.078407e+06   943.728814  0.995763
(1333, 2000]    25.557377  1.093230e+06  1635.672131  0.963090
(2000, 2666]    36.693878  1.140204e+06  2348.408163  0.969282
(2666, 3333]    47.000000  1.162620e+06  3008.000000  0.961310
(3333, 4000]    57.790323  1.199919e+06  3698.580645  0.968825